Change at 17-06-2021 9.45 PM

Reference - https://quickstream.westpac.com.au/docs/general/test-account-numbers/#australian-merchants

VISA 
4242424242424242 CVV 123 Date 10/23
4111111111111111 CVV 999 Date 10/2023
4444333322221111 CVV 666 Date 12/2023

JCB
3530000000000003 CVN 573 Expiry Date 10/2025

Union Pay

6250947000000014 CVN 123 Date 12/2033	
6250947000000014 CVV 123 Expiry 12/2033


Bulk Credit Card Numbers - Part 1 (90 Diners Test Cards)
3000000005603000
3000000005603001
3000000005603002
3000000005603003
3000000005603004
3000000005603005
3000000005603006
3000000005603007
3000000005603008
3000000005603009
3000000005603010
3000000005603011
3000000005603012
3000000005603013
3000000005603014
3000000005603015
3000000005603016
3000000005603017
3000000005603018
3000000005603019
3000000005603020
3000000005603021
3000000005603022
3000000005603023
3000000005603024
3000000005603025
3000000005603026
3000000005603027
3000000005603028
3000000005603029
3000000005603030
3000000005603031
3000000005603032
3000000005603033
3000000005603034
3000000005603035
3000000005603036
3000000005603037
3000000005603038
3000000005603039
3000000005603040
3000000005603041
3000000005603042
3000000005603043
3000000005603044
3000000005603045
3000000005603046
3000000005603047
3000000005603048
3000000005603049
3000000005603050
3000000005603051
3000000005603052
3000000005603053
3000000005603054
3000000005603055
3000000005603056
3000000005603057
3000000005603058
3000000005603059
3000000005603060
3000000005603061
3000000005603062
3000000005603063
3000000005603064
3000000005603065
3000000005603066
3000000005603067
3000000005603068
3000000005603069
3000000005603070
3000000005603071
3000000005603072
3000000005603073
3000000005603074
3000000005603075
3000000005603076
3000000005603077
3000000005603078
3000000005603079
3000000005603080
3000000005603081
3000000005603082
3000000005603083
3000000005603084
3000000005603085
3000000005603086
3000000005603087
3000000005603088
3000000005603089

Bulk Credit Card Numbers - Part 2 (90 Diners Test Cards)
3900000002268600
3900000002268601
3900000002268602
3900000002268603
3900000002268604
3900000002268605
3900000002268606
3900000002268607
3900000002268608
3900000002268609
3900000002268610
3900000002268611
3900000002268612
3900000002268613
3900000002268614
3900000002268615
3900000002268616
3900000002268617
3900000002268618
3900000002268619
3900000002268620
3900000002268621
3900000002268622
3900000002268623
3900000002268624
3900000002268625
3900000002268626
3900000002268627
3900000002268628
3900000002268629
3900000002268630
3900000002268631
3900000002268632
3900000002268633
3900000002268634
3900000002268635
3900000002268636
3900000002268637
3900000002268638
3900000002268639
3900000002268640
3900000002268641
3900000002268642
3900000002268643
3900000002268644
3900000002268645
3900000002268646
3900000002268647
3900000002268648
3900000002268649
3900000002268650
3900000002268651
3900000002268652
3900000002268653
3900000002268654
3900000002268655
3900000002268656
3900000002268657
3900000002268658
3900000002268659
3900000002268660
3900000002268661
3900000002268662
3900000002268663
3900000002268664
3900000002268665
3900000002268666
3900000002268667
3900000002268668
3900000002268669
3900000002268670
3900000002268671
3900000002268672
3900000002268673
3900000002268674
3900000002268675
3900000002268676
3900000002268677
3900000002268678
3900000002268679
3900000002268680
3900000002268681
3900000002268682
3900000002268683
3900000002268684
3900000002268685
3900000002268686
3900000002268687
3900000002268688
3900000002268689


